P_CODE
000370
000390
000540
001380
001520
001940
002150
003460
003780
005740
005880
006340
008970
010820
011090
011560
015590
021240
025530
025560
031860
035900
036010
036120
038880
043200
044480
046110
049430
050860
051630
053690
058610
060570
064960
065770
067310
068930
071950
072020
078520
079940
081150
086060
092300
092600
093240
095720
096240
096630
101000
123410
137950
138070
149010
149980
168490
180060
198440
208350
218410
221840
226360
229640
251370
252500
258250
263700
263750
270210
276730
278280
289080
307950
336260
352820
372290
900140
950110
950190
