P_CODE
005930
000660
035420
207940
005935
051910
035720
006400
005380
068270
000270
005490
012330
028260
096770
066570
017670
105560
051900
055550
034730
011200
015760
003550
032830
086790
009150
036570
018260
003490
010950
033780
000810
090430
034020
251270
010130
011170
018880
030200
009830
024110
009540
034220
011790
086280
004020
097950
032640
035250
011780
000720
006800
021240
161390
011070
028050
088980
267250
071050
271560
139480
008930
138040
005830
000100
016360
014680
180640
002790
003410
078930
241560
002380
006280
020150
028670
029780
010140
298050
006360
000120
036460
005940
004990
005387
000060
128940
007070
008560
008770
019170
285130
010060
012750
047810
012510
298020
112610
039490
120110
023530
282330
001040
088350
026960
047040
047050
042660
204320
010620
009240
081660
051915
064350
004170
138930
012450
000880
004800
030000
000990
005385
004000
000080
001450
011210
001440
006260
020560
010120
003090
017800
111770
069960
052690
294870
007310
093370
001230
004370
069620
051600
014820
073240
175330
000150
042700
139130
011000
000240
192820
007700
006650
010780
005250
005070
018670
000210
032350
003000
003580
031430
185750
016380
051905
005300
003280
181710
005850
001740
000670
298000
003240
039130
014830
004490
214320
066575
009420
079160
023590
079550
069260
003850
003690
001120
002840
082640
241590
003540
001800
161890
272450
034120
020000
268280
000070
003530
114090
091990
066970
028300
263750
068760
036490
096530
196170
035760
058470
256840
253450
145020
240810
048260
064550
086520
206650
237690
095700
067630
194480
067160
108320
213420
032500
025900
005290
034230
140410
041510
078600
064760
098460
039030
214150
035900
056190
007390
030190
078340
112040
060250
085660
000250
141080
089980
036540
215600
200130
166090
022100
048410
086450
039200
144510
086900
084370
025980
122870
222080
069080
222800
046890
185490
214450
218410
215000
003380
215200
084990
182400
036830
151910
033640
082270
131290
183300
214370
048530
140860
084110
137400
088800
131970
100090
950130
101490
039840
078130
053800
230360
178320
065660
033290
042000
189300
092040
183490
041190
