YYYYMM	FIRST_DAY	SECOND_DAY	PREV_DAY	LAST_DAY	NEXT_DAY
201402	20140203	20140204	20140227	20140228	20140303
201403	20140303	20140304	20140328	20140331	20140401
201404	20140401	20140402	20140429	20140430	20140502
201405	20140502	20140507	20140529	20140530	20140602
201406	20140602	20140603	20140627	20140630	20140701
201407	20140701	20140702	20140730	20140731	20140801
201408	20140801	20140804	20140828	20140829	20140901
201409	20140901	20140902	20140929	20140930	20141001
201410	20141001	20141002	20141030	20141031	20141103
201411	20141103	20141104	20141127	20141128	20141201
201412	20141201	20141202	20141229	20141230	20150102
201501	20150102	20150105	20150129	20150130	20150202
201502	20150202	20150203	20150226	20150227	20150302
201503	20150302	20150303	20150330	20150331	20150401
201504	20150401	20150402	20150429	20150430	20150504
201505	20150504	20150506	20150528	20150529	20150601
201506	20150601	20150602	20150629	20150630	20150701
201507	20150701	20150702	20150730	20150731	20150803
201508	20150803	20150804	20150828	20150831	20150901
201509	20150901	20150902	20150925	20150930	20151001
201510	20151001	20151002	20151029	20151030	20151102
201511	20151102	20151103	20151127	20151130	20151201
201512	20151201	20151202	20151229	20151230	20160104
201601	20160104	20160105	20160128	20160129	20160201
201602	20160201	20160202	20160226	20160229	20160302
201603	20160302	20160303	20160330	20160331	20160401
201604	20160401	20160404	20160428	20160429	20160502
201605	20160502	20160503	20160530	20160531	20160601
201606	20160601	20160602	20160629	20160630	20160701
201607	20160701	20160704	20160728	20160729	20160801
201608	20160801	20160802	20160830	20160831	20160901
201609	20160901	20160902	20160929	20160930	20161004
201610	20161004	20161005	20161028	20161031	20161101
201611	20161101	20161102	20161129	20161130	20161201
201612	20161201	20161202	20161228	20161229	20170102
201701	20170102	20170103	20170126	20170131	20170201
201702	20170201	20170202	20170227	20170228	20170302
201703	20170302	20170303	20170330	20170331	20170403
201704	20170403	20170404	20170427	20170428	20170502
201705	20170502	20170504	20170530	20170531	20170601
201706	20170601	20170602	20170629	20170630	20170703
201707	20170703	20170704	20170728	20170731	20170801
201708	20170801	20170802	20170830	20170831	20170901
201709	20170901	20170904	20170928	20170929	20171010
201710	20171010	20171011	20171030	20171031	20171101
201711	20171101	20171102	20171129	20171130	20171201
201712	20171201	20171204	20171227	20171228	20180102
201801	20180102	20180103	20180130	20180131	20180201
201802	20180201	20180202	20180227	20180228	20180302
201803	20180302	20180305	20180329	20180330	20180402
201804	20180402	20180403	20180427	20180430	20180502
201805	20180502	20180503	20180530	20180531	20180601
201806	20180601	20180604	20180628	20180629	20180702
201807	20180702	20180703	20180730	20180731	20180801
201808	20180801	20180802	20180830	20180831	20180903
201809	20180903	20180904	20180927	20180928	20181001
201810	20181001	20181002	20181030	20181031	20181101
201811	20181101	20181102	20181129	20181130	20181203
201812	20181203	20181204	20181227	20181228	20190102
201901	20190102	20190103	20190130	20190131	20190201
201902	20190201	20190207	20190227	20190228	20190304
201903	20190304	20190305	20190328	20190329	20190401
201904	20190401	20190402	20190429	20190430	20190502
201905	20190502	20190503	20190530	20190531	20190603
201906	20190603	20190604	20190627	20190628	20190701
201907	20190701	20190702	20190730	20190731	20190801
201908	20190801	20190802	20190829	20190830	20190902
201909	20190902	20190903	20190927	20190930	20191001
201910	20191001	20191002	20191030	20191031	20191101
201911	20191101	20191104	20191128	20191129	20191202
201912	20191202	20191203	20191227	20191230	20200102
202001	20200102	20200103	20200130	20200131	20200203
202002	20200203	20200204	20200227	20200228	20200302
202003	20200302	20200303	20200330	20200331	20200401
202004	20200401	20200402	20200428	20200429	20200504
202005	20200504	20200506	20200528	20200529	20200601
202006	20200601	20200602	20200629	20200630	20200701
202007	20200701	20200702	20200730	20200731	20200803
202008	20200803	20200804	20200828	20200831	20200901
202009	20200901	20200902	20200928	20200929	20201005
202010	20201005	20201006	20201029	20201030	20201102
202011	20201102	20201103	20201127	20201130	20201201
202012	20201201	20201202	20201229	20201230	20210104
202101	20210104	20210105	20210128	20210129	20210201
202102	20210201	20210202	20210225	20210226	20210302
202103	20210302	20210303	20210330	20210331	20210401
202104	20210401	20210402	20210429	20210430	20210503
202105	20210503	20210504	20210528	20210531	20210601
202106	20210601	20210602	20210618	20210621	20210621
