000020
000180
000220
000320
000390
000480
000500
000860
000910
000970
001070
001130
001340
001460
001630
001790
001840
001940
002030
002150
002170
002240
002270
002310
002390
002460
002620
002700
002720
002760
002780
002810
002960
003030
003100
003120
003160
003200
003220
003300
003570
003650
003800
003830
003960
004090
004150
004250
004310
004360
004380
004430
004560
004650
004700
004710
004720
004770
004840
004890
005160
005320
005500
005680
005710
005720
005810
005990
006060
006110
006340
006620
006660
006740
006890
006910
007110
007160
007210
007340
007540
007690
007700
008060
008250
008260
008730
009070
009290
009460
009470
009520
009680
010240
011040
011150
011280
011370
011390
011500
012200
012690
012790
013030
013570
014160
014530
014580
015230
015710
015860
015890
016450
016580
016590
016740
016800
017040
017550
017890
017960
018120
018310
019990
020710
021320
022220
023000
023600
023900
023910
024090
024720
025000
025550
025750
025860
026150
027970
028100
029460
029960
030530
031980
032560
032850
033130
033160
033320
033500
034810
035610
035810
035890
036190
036200
036530
036560
036690
036890
037070
037230
037330
037710
038070
038290
039020
039290
039340
039440
040160
040300
040910
041520
041830
041910
041930
042000
042370
042420
043370
043650
044340
045100
045660
047560
048430
049070
049430
049480
049960
050960
052420
052790
053080
053210
053260
053300
053350
053690
053980
054050
054800
054920
054950
055490
057680
058400
058430
058610
058630
058850
059090
060980
061250
061970
063080
063160
064260
064550
065450
065530
065680
065710
065950
066130
066310
066620
067280
067900
068050
068790
068930
069510
071200
072020
072870
073490
073560
077360
077500
078070
078150
078890
079370
079430
079940
079960
079980
080000
080220
080420
082920
083310
083420
083450
083930
084650
084690
084730
086960
087260
089030
089470
089600
090350
091120
091580
091590
091700
092070
092230
092730
092870
093320
093920
094820
095340
095500
095660
096240
099190
099220
100130
100250
100590
100700
100840
101160
102120
102260
102710
104460
104830
107590
108230
109080
110790
111710
114810
115960
117580
119610
119860
120030
120240
121440
121600
121800
122310
122990
123420
123570
124560
126600
126700
126880
127710
128820
129890
130580
131030
131390
133750
134380
134790
136540
137950
138080
138490
140070
143160
143240
143540
144960
149950
155650
160980
161000
163560
170030
171090
171120
179290
183190
187870
189980
192250
192440
194700
199820
200670
200710
200780
201490
203650
204270
205100
210540
214180
214390
214430
215360
217820
220260
225220
225330
225530
229000
232140
234080
234100
234340
236200
237820
238490
239610
241690
241710
241790
248170
251370
255440
256150
256630
259630
263600
263690
263700
264450
264900
265560
265740
269620
272550
278650
282690
282880
288620
290380
290550
290690
290720
293480
298540
304100
306040
306200
312610
317330
322000
330350
332570
334890
337930
339770
347740
347770
347890
348350
352700
356860
376190
950180
950190
